1 999911111111111111111111 -72.0 4.90874 0
1 999911111111111111111111 -74.0 5.84753 44
1 999911111111111111111111 -62.5 5.20326 364
1 999911111111111111111111 -62.5 5.82913 386
1 999911111111111111111111 -58.0 2.02485 471
1 999911111111111111111111 -58.5 2.74276 493
1 999911111111111111111111 -59.5 4.80443 579
1 999911111111111111111111 -59.0 5.23394 600
1 999911111111111111111111 -59.5 0.68722 683
1 999911111111111111111111 -59.0 1.30695 707
1 999911111111111111111111 -61.0 3.06183 789
1 999911111111111111111111 -62.5 3.57724 811
1 999911111111111111111111 -69.5 5.98253 906
1 999911111111111111111111 -62.0 3.74291 944
2 999911111111111111111111 -63.0 3.90245 976
2 999911111111111111111111 -61.5 4.62649 998
1 999911111111111111111111 -61.5 0.19635 1037
1 999911111111111111111111 -62.0 0.86517 1062
2 999911111111111111111111 -58.0 0.98788 1091
2 999911111111111111111111 -58.0 1.59534 1114
1 999911111111111111111111 -62.5 2.92684 1154
1 999911111111111111111111 -63.5 3.45452 1178
2 999911111111111111111111 -57.0 3.50361 1207
1 999911111111111111111111 -66.0 5.12963 1279
1 999911111111111111111111 -64.5 5.73709 1301
2 999911111111111111111111 -60.0 5.27689 1331
2 999911111111111111111111 -60.5 5.65732 1354
1 999911111111111111111111 -65.0 1.84078 1394
1 999911111111111111111111 -66.5 2.80412 1416
1 999911111111111111111111 -62.0 6.11138 1501
1 999911111111111111111111 -60.0 0.41111 1523
2 999911111111111111111111 -60.5 1.15355 1552
2 999911111111111111111111 -59.0 1.60761 1575
1 999911111111111111111111 -51.0 3.28885 1615
1 999911111111111111111111 -49.5 4.10493 1638
2 999911111111111111111111 -56.0 3.73678 1668
2 999911111111111111111111 -56.5 4.25219 1691
1 999911111111111111111111 -46.5 0.17181 1731
1 999911111111111111111111 -46.0 0.63814 1753
2 999911111111111111111111 -58.0 6.20342 1784
2 999911111111111111111111 -57.5 0.34361 1805
1 999911111111111111111111 -45.5 2.38074 1846
1 999911111111111111111111 -45.0 2.74889 1867
2 999911111111111111111111 -59.0 1.63216 1899
2 999911111111111111111111 -59.5 1.85918 1922
1 999911111111111111111111 -47.5 4.20311 1962
1 999911111111111111111111 -48.5 4.65103 1984
1 999911111111111111111111 -51.5 0.79767 2069
1 999911111111111111111111 -50.5 1.66284 2090
1 999911111111111111111111 -48.5 4.31355 2176
1 999911111111111111111111 -48.0 5.03146 2198
2 999911111111111111111111 -60.5 2.88388 2229
2 999911111111111111111111 -60.5 3.30113 2250
1 999911111111111111111111 -47.0 4.58660 2298
1 999911111111111111111111 -46.0 2.14757 2322
2 999911111111111111111111 -58.5 5.73095 2352
2 999911111111111111111111 -58.5 0.18408 2375
1 999911111111111111111111 -43.5 2.00031 2421
1 999911111111111111111111 -43.0 5.77390 2446
2 999911111111111111111111 -59.5 2.92070 2476
2 999911111111111111111111 -60.0 3.66928 2500
1 999911111111111111111111 -41.5 1.85918 2538
1 999911111111111111111111 -41.0 2.50959 2562
2 999911111111111111111111 -62.0 1.14742 2592
2 999911111111111111111111 -60.5 2.05553 2614
1 999911111111111111111111 -40.5 5.14804 2654
1 999911111111111111111111 -41.5 5.78618 2676
2 999911111111111111111111 -57.5 5.31985 2706
2 999911111111111111111111 -57.5 0.09817 2729
1 999911111111111111111111 -43.0 2.45437 2771
1 999911111111111111111111 -44.0 3.04342 2792
2 999911111111111111111111 -51.0 4.30128 2822
2 999911111111111111111111 -49.0 4.95169 2846
1 999911111111111111111111 -42.0 4.66330 2886
1 999911111111111111111111 -42.0 4.78602 2908
2 999911111111111111111111 -46.0 0.62586 2939
2 999911111111111111111111 -45.5 1.02470 2961
1 999911111111111111111111 -42.0 5.34439 3002
1 999911111111111111111111 -41.5 5.43029 3024
2 999911111111111111111111 -45.5 2.25802 3055
2 999911111111111111111111 -45.0 2.51573 3076
1 999911111111111111111111 -41.5 2.49118 3124
1 999911111111111111111111 -40.0 5.77390 3144
1 999911111111111111111111 -39.5 5.86594 3165
2 999911111111111111111111 -46.0 5.09282 3197
2 999911111111111111111111 -46.0 5.64505 3218
1 999911111111111111111111 -37.0 6.20342 3258
1 999911111111111111111111 -38.0 0.03682 3281
2 999911111111111111111111 -47.5 1.91441 3311
2 999911111111111111111111 -49.0 2.48505 3335
1 999911111111111111111111 -39.0 0.16567 3373
1 999911111111111111111111 -39.5 0.10431 3397
2 999911111111111111111111 -49.0 4.03744 3426
2 999911111111111111111111 -47.5 4.10493 3448
1 999911111111111111111111 -39.5 5.65119 3489
1 999911111111111111111111 -40.5 5.45484 3512
2 999911111111111111111111 -43.5 4.76148 3543
2 999911111111111111111111 -43.0 4.86579 3565
1 999911111111111111111111 -47.0 4.66330 3606
1 999911111111111111111111 -47.5 4.32583 3629
2 999911111111111111111111 -43.0 5.62357 3666
2 999911111111111111111111 -41.0 5.43029 3690
1 999911111111111111111111 -48.0 0.49701 3737
1 999911111111111111111111 -48.0 5.73709 3762
2 999911111111111111111111 -39.0 3.89631 3792
2 999911111111111111111111 -39.0 3.94540 3814
1 999911111111111111111111 -49.5 3.31953 3853
1 999911111111111111111111 -49.5 2.67526 3877
2 999911111111111111111111 -43.5 3.29499 3906
2 999911111111111111111111 -43.0 2.88388 3929
1 999911111111111111111111 -52.0 0.28225 3969
1 999911111111111111111111 -52.5 5.93957 3992
2 999911111111111111111111 -43.0 1.10447 4022
2 999911111111111111111111 -44.0 0.64427 4043
1 999911111111111111111111 -55.5 3.50975 4085
1 999911111111111111111111 -56.0 2.92070 4107
2 999911111111111111111111 -46.0 1.38672 4143
2 999911111111111111111111 -45.5 3.95153 4167
1 999911111111111111111111 -58.5 6.19115 4209
1 999911111111111111111111 -59.5 5.62664 4229
2 999911111111111111111111 -45.0 1.63216 4260
2 999911111111111111111111 -44.0 1.04311 4283
1 999911111111111111111111 -63.0 3.19068 4324
1 999911111111111111111111 -64.0 2.62618 4345
2 999911111111111111111111 -43.5 5.65119 4375
2 999911111111111111111111 -43.5 5.25235 4397
2 999911111111111111111111 -46.0 0.03375 4490
2 999911111111111111111111 -45.5 2.55254 4512
1 999911111111111111111111 -64.0 1.88373 4554
1 999911111111111111111111 -65.5 1.45421 4576
2 999911111111111111111111 -45.5 0.57064 4605
2 999911111111111111111111 -46.0 0.30680 4627
2 999911111111111111111111 -47.0 5.87208 4676
2 999911111111111111111111 -48.5 5.41188 4700
2 999911111111111111111111 -49.5 3.76746 4749
2 999911111111111111111111 -50.5 2.68140 4771
2 999911111111111111111111 -52.0 6.24637 4820
2 999911111111111111111111 -51.5 5.24008 4843
2 999911111111111111111111 -52.5 3.55270 4893
2 999911111111111111111111 -54.0 2.89616 4914
2 999911111111111111111111 -56.5 1.35604 4964
2 999911111111111111111111 -57.5 0.62586 4987
2 999911111111111111111111 -58.0 5.05600 5043
2 999911111111111111111111 -58.5 4.47309 5065
2 999911111111111111111111 -59.0 3.01887 5115
2 999911111111111111111111 -59.0 2.46664 5137
2 999911111111111111111111 -60.0 1.58307 5186
2 999911111111111111111111 -60.5 1.03697 5209
2 999911111111111111111111 -64.0 5.98866 5259
2 999911111111111111111111 -66.5 5.19099 5281
2 999911111111111111111111 -67.5 2.87775 5330
2 999911111111111111111111 -65.0 1.90827 5352
2 999911111111111111111111 -61.5 0.48474 5589
2 999911111111111111111111 -60.5 0.30680 5612
2 999911111111111111111111 -58.5 5.73709 5661
2 999911111111111111111111 -58.0 5.25235 5683
2 999911111111111111111111 -60.0 4.02517 5732
2 999911111111111111111111 -61.0 3.44225 5755
2 999911111111111111111111 -61.5 2.28870 5805
2 999911111111111111111111 -61.5 1.57080 5827
2 999911111111111111111111 -60.0 6.15433 5877
2 999911111111111111111111 -59.5 5.43643 5898
2 999911111111111111111111 -62.0 3.73064 5948
2 999911111111111111111111 -63.5 3.09864 5970
2 999911111111111111111111 -63.5 5.79845 6692
2 999911111111111111111111 -63.0 5.38734 6713
2 999911111111111111111111 -62.5 4.70625 6762
2 999911111111111111111111 -62.5 4.38719 6784
