2 111111111111111111111111 -67.0 1.47876 0
2 111111111111111111111111 -67.0 2.20893 23
2 111111111111111111111111 -68.0 2.37460 685
2 111111111111111111111111 -68.5 3.63247 708
2 111111111111111111111111 -69.0 5.63891 757
2 111111111111111111111111 -70.0 0.47860 780
2 111111111111111111111111 -69.5 2.84707 828
2 111111111111111111111111 -71.0 3.98835 850
2 111111111111111111111111 -76.0 5.85367 901
2 111111111111111111111111 -83.0 0.17181 941
2 111111111111111111111111 -64.5 5.90276 999
2 111111111111111111111111 -63.0 0.35588 1021
2 111111111111111111111111 -60.0 1.70579 1070
2 111111111111111111111111 -59.0 2.23961 1093
2 111111111111111111111111 -58.0 3.84109 1142
2 111111111111111111111111 -58.5 4.48536 1164
2 111111111111111111111111 -61.5 5.97025 1214
2 111111111111111111111111 -63.0 0.73631 1237
2 111111111111111111111111 -59.0 4.46695 1321
2 111111111111111111111111 -58.0 5.30144 1344
1 111111111111111111111111 -66.5 3.45452 1383
1 111111111111111111111111 -67.5 4.42400 1405
2 111111111111111111111111 -57.0 2.33165 1437
2 111111111111111111111111 -57.0 2.89616 1458
2 111111111111111111111111 -58.0 5.09282 1542
2 111111111111111111111111 -60.0 5.52847 1564
2 111111111111111111111111 -60.5 0.28839 1613
2 111111111111111111111111 -60.5 0.99402 1635
2 111111111111111111111111 -58.5 2.71821 1685
2 111111111111111111111111 -58.0 3.63247 1708
2 111111111111111111111111 -57.0 0.45406 1791
2 111111111111111111111111 -56.5 1.39899 1815
2 111111111111111111111111 -57.0 4.72466 1906
2 111111111111111111111111 -57.0 5.34439 1929
2 111111111111111111111111 -57.0 1.63216 2012
2 111111111111111111111111 -57.5 2.41755 2034
2 111111111111111111111111 -57.5 5.58369 2119
2 111111111111111111111111 -59.5 0.00000 2142
2 111111111111111111111111 -59.5 2.23348 2225
2 111111111111111111111111 -59.0 2.89616 2248
2 111111111111111111111111 -56.5 4.41173 2297
2 111111111111111111111111 -55.5 5.09895 2321
2 111111111111111111111111 -57.0 0.45406 2368
2 111111111111111111111111 -58.5 1.36831 2391
2 111111111111111111111111 -59.0 3.89631 2441
2 111111111111111111111111 -57.0 4.63876 2463
1 111111111111111111111111 -68.0 5.41802 2504
1 111111111111111111111111 -69.0 6.01934 2525
2 111111111111111111111111 -53.0 0.47247 2555
2 111111111111111111111111 -53.0 0.95107 2579
1 111111111111111111111111 -70.5 1.58307 2618
1 111111111111111111111111 -70.0 2.50959 2640
2 111111111111111111111111 -53.5 3.29499 2670
2 111111111111111111111111 -53.0 3.85950 2692
1 111111111111111111111111 -63.0 6.02548 2732
1 111111111111111111111111 -63.0 0.69950 2756
2 111111111111111111111111 -49.0 6.21569 2785
2 111111111111111111111111 -47.5 0.64427 2807
1 111111111111111111111111 -60.0 4.73080 2847
1 111111111111111111111111 -59.0 5.65119 2870
2 111111111111111111111111 -46.5 3.44225 2901
2 111111111111111111111111 -47.0 4.06812 2923
1 111111111111111111111111 -54.5 2.49732 2963
1 111111111111111111111111 -54.5 3.11705 2986
2 111111111111111111111111 -49.0 6.08684 3016
2 111111111111111111111111 -49.0 0.35588 3038
1 111111111111111111111111 -52.5 5.28917 3079
1 111111111111111111111111 -53.0 5.78618 3101
2 111111111111111111111111 -55.0 2.45437 3133
2 111111111111111111111111 -62.5 2.72435 3155
1 111111111111111111111111 -56.0 1.84078 3195
1 111111111111111111111111 -57.0 2.27029 3218
2 111111111111111111111111 -50.0 5.83526 3247
2 111111111111111111111111 -49.0 5.98866 3270
1 111111111111111111111111 -52.5 3.76132 3310
1 111111111111111111111111 -51.0 4.21538 3332
2 111111111111111111111111 -51.0 6.24637 3369
2 111111111111111111111111 -52.5 6.06229 3393
1 111111111111111111111111 -51.0 5.85367 3435
1 111111111111111111111111 -52.5 6.27705 3458
2 111111111111111111111111 -55.5 4.42400 3487
2 111111111111111111111111 -56.0 4.15402 3508
1 111111111111111111111111 -59.0 2.35006 3551
1 111111111111111111111111 -57.5 2.74276 3571
2 111111111111111111111111 -62.0 2.72435 3603
2 111111111111111111111111 -62.5 2.50959 3626
1 111111111111111111111111 -58.5 2.09849 3665
1 111111111111111111111111 -56.5 1.65056 3688
2 111111111111111111111111 -63.5 4.25833 3725
1 111111111111111111111111 -52.5 4.41786 3799
1 111111111111111111111111 -52.5 1.19037 3823
1 111111111111111111111111 -54.0 0.45713 3914
1 111111111111111111111111 -55.5 0.09204 3938
1 111111111111111111111111 -56.5 0.91118 4028
1 111111111111111111111111 -54.0 3.36862 4053
1 111111111111111111111111 -54.0 4.72466 4144
1 111111111111111111111111 -54.5 0.92652 4166
1 111111111111111111111111 -62.0 6.08377 4256
1 111111111111111111111111 -61.0 5.97639 4281
1 111111111111111111111111 -60.5 1.48183 4371
1 111111111111111111111111 -62.0 3.92699 4395
1 111111111111111111111111 -68.5 5.31678 4485
1 111111111111111111111111 -67.0 4.28901 4510
1 111111111111111111111111 -64.5 4.94555 4599
1 111111111111111111111111 -64.0 1.01243 4624
