1 999911111111111111111111 -63.5 4.37491 0
1 999911111111111111111111 -63.0 5.01919 23
1 999911111111111111111111 -63.0 0.79767 107
2 999911111111111111111111 -64.5 1.20264 345
2 999911111111111111111111 -63.5 2.14144 363
2 999911111111111111111111 -63.5 3.14773 384
1 999911111111111111111111 -65.0 1.66284 425
1 999911111111111111111111 -65.0 2.20280 447
2 999911111111111111111111 -64.0 5.97025 478
1 999911111111111111111111 -54.0 2.66913 723
1 999911111111111111111111 -52.0 3.38703 745
2 999911111111111111111111 -61.0 0.97561 776
2 999911111111111111111111 -61.5 1.58920 799
1 999911111111111111111111 -54.5 6.24637 839
1 999911111111111111111111 -55.5 0.80994 863
1 999911111111111111111111 -62.0 4.27674 946
1 999911111111111111111111 -65.5 5.39348 968
1 999911111111111111111111 -63.5 4.55285 1051
1 999911111111111111111111 -61.0 5.63891 1075
2 999911111111111111111111 -64.0 5.82299 1105
2 999911111111111111111111 -63.0 0.00614 1126
1 999911111111111111111111 -58.5 3.05569 1167
1 999911111111111111111111 -61.0 4.05585 1189
1 999911111111111111111111 -56.0 4.16629 1274
1 999911111111111111111111 -52.5 5.08054 1296
2 999911111111111111111111 -55.0 5.92730 1328
2 999911111111111111111111 -54.5 0.36816 1350
1 999911111111111111111111 -48.5 2.47891 1389
1 999911111111111111111111 -47.5 3.28885 1413
1 999911111111111111111111 -44.5 5.31985 1498
1 999911111111111111111111 -44.0 5.97025 1520
2 999911111111111111111111 -62.5 3.21522 1550
2 999911111111111111111111 -61.0 3.71223 1573
1 999911111111111111111111 -38.0 1.73033 1612
1 999911111111111111111111 -37.0 2.27029 1634
2 999911111111111111111111 -58.5 5.69414 1665
2 999911111111111111111111 -58.5 0.07363 1688
1 999911111111111111111111 -34.5 4.69398 1736
1 999911111111111111111111 -35.0 5.26462 1759
2 999911111111111111111111 -60.0 3.96994 1789
2 999911111111111111111111 -60.0 4.76148 1812
1 999911111111111111111111 -34.0 0.69950 1860
1 999911111111111111111111 -32.5 1.04311 1883
2 999911111111111111111111 -55.5 2.36233 1912
2 999911111111111111111111 -53.0 2.93297 1936
1 999911111111111111111111 -32.0 2.37460 1975
1 999911111111111111111111 -31.5 2.65072 1997
2 999911111111111111111111 -46.0 4.94555 2029
2 999911111111111111111111 -45.5 5.32598 2050
1 999911111111111111111111 -35.0 5.31371 2098
1 999911111111111111111111 -35.5 1.60148 2121
2 999911111111111111111111 -42.5 0.48474 2151
2 999911111111111111111111 -42.5 0.68722 2174
1 999911111111111111111111 -38.5 5.09895 2215
1 999911111111111111111111 -41.0 4.40559 2237
2 999911111111111111111111 -40.5 1.67511 2285
2 999911111111111111111111 -40.0 1.36831 2308
1 999911111111111111111111 -49.5 5.41188 2356
1 999911111111111111111111 -49.5 4.42400 2379
2 999911111111111111111111 -34.0 6.06229 2410
2 999911111111111111111111 -33.5 5.98866 2431
1 999911111111111111111111 -49.0 1.73033 2472
1 999911111111111111111111 -50.0 1.20264 2494
2 999911111111111111111111 -38.0 5.39041 2531
2 999911111111111111111111 -38.5 4.97010 2554
1 999911111111111111111111 -52.5 3.77973 2594
1 999911111111111111111111 -51.0 2.31938 2618
2 999911111111111111111111 -37.5 2.33165 2649
2 999911111111111111111111 -36.5 1.78555 2671
1 999911111111111111111111 -51.5 5.01919 2712
1 999911111111111111111111 -53.0 4.47922 2732
2 999911111111111111111111 -42.5 6.01934 2772
2 999911111111111111111111 -42.5 5.38734 2794
1 999911111111111111111111 -57.5 1.18423 2835
1 999911111111111111111111 -59.0 0.36202 2856
2 999911111111111111111111 -43.5 3.07410 2887
2 999911111111111111111111 -43.5 2.55254 2909
1 999911111111111111111111 -62.0 3.54043 2949
1 999911111111111111111111 -61.5 2.60777 2971
2 999911111111111111111111 -43.0 0.33748 3002
2 999911111111111111111111 -44.0 6.01934 3024
1 999911111111111111111111 -64.5 5.59596 3065
2 999911111111111111111111 -46.5 1.80396 3116
2 999911111111111111111111 -47.5 0.57678 3140
2 999911111111111111111111 -49.0 4.84738 3188
2 999911111111111111111111 -51.0 4.00062 3209
2 999911111111111111111111 -51.5 1.90827 3259
2 999911111111111111111111 -52.5 0.96334 3282
2 999911111111111111111111 -52.5 5.11122 3332
2 999911111111111111111111 -52.0 4.31969 3353
2 999911111111111111111111 -52.0 2.91456 3403
2 999911111111111111111111 -51.5 2.20280 3426
2 999911111111111111111111 -52.5 0.90812 3475
2 999911111111111111111111 -53.0 0.28225 3497
2 999911111111111111111111 -54.0 5.03146 3547
2 999911111111111111111111 -55.0 4.42400 3569
2 999911111111111111111111 -58.0 2.74889 3619
2 999911111111111111111111 -59.0 1.87759 3639
2 999911111111111111111111 -60.0 5.55915 3689
2 999911111111111111111111 -60.0 4.46695 3711
2 999911111111111111111111 -61.0 2.33165 3761
2 999911111111111111111111 -62.5 1.33150 3783
2 999911111111111111111111 -63.5 5.34439 3963
2 999911111111111111111111 -63.0 4.59581 3985
2 999911111111111111111111 -61.5 2.97592 4034
2 999911111111111111111111 -63.0 2.08008 4057
