2 333311111111111111111111 -65.0 2.55868 0
2 333311111111111111111111 -64.0 3.01887 23
2 333311111111111111111111 -61.5 4.57740 83
2 333311111111111111111111 -64.0 5.92117 136
2 333311111111111111111111 -63.0 5.41188 308
2 333311111111111111111111 -61.0 0.99402 366
2 333311111111111111111111 -59.0 5.31064 425
2 333311111111111111111111 -58.0 2.89616 471
2 333311111111111111111111 -58.5 0.73631 526
2 333311111111111111111111 -57.5 5.10509 572
2 333311111111111111111111 -54.0 1.95429 686
2 333311111111111111111111 -53.5 2.61390 719
2 333311111111111111111111 -53.0 3.74291 776
2 333311111111111111111111 -54.0 4.57126 818
1 333311111111111111111111 -66.0 2.29484 864
1 333311111111111111111111 -65.0 4.17243 926
2 333311111111111111111111 -57.0 5.77390 967
2 333311111111111111111111 -58.0 5.66959 1000
1 333311111111111111111111 -59.5 5.44256 1058
1 333311111111111111111111 -57.5 4.92101 1100
2 333311111111111111111111 -64.0 1.57693 1180
2 333311111111111111111111 -67.0 1.06765 1212
1 333311111111111111111111 -57.5 5.91810 1288
1 333311111111111111111111 -57.0 2.80412 1311
2 333311111111111111111111 -68.5 0.95107 1383
2 333311111111111111111111 -69.0 3.63247 1406
1 333311111111111111111111 -55.5 1.73647 1475
1 333311111111111111111111 -55.5 1.46035 1509
2 333311111111111111111111 -66.0 0.96334 1552
1 333311111111111111111111 -56.5 0.50315 1627
1 333311111111111111111111 -56.5 0.01841 1720
1 333311111111111111111111 -54.0 5.96412 1817
1 333311111111111111111111 -54.5 5.76163 1840
1 333311111111111111111111 -55.0 4.43627 1974
1 333311111111111111111111 -55.5 3.99449 2000
1 333311111111111111111111 -56.5 1.15355 2109
1 333311111111111111111111 -56.5 0.39884 2135
1 333311111111111111111111 -61.5 4.56819 2280
1 333311111111111111111111 -61.0 0.50928 2308
