1 444411111111111111111111 -72.0 1.47262 0
1 444411111111111111111111 -71.0 6.00707 47
1 444411111111111111111111 -75.0 5.38734 1023
1 444411111111111111111111 -73.5 0.25771 1072
1 444411111111111111111111 -69.0 1.69351 1273
1 444411111111111111111111 -73.0 0.22089 1487
1 444411111111111111111111 -71.5 5.43643 1541
1 444411111111111111111111 -74.5 5.32598 1709
1 444411111111111111111111 -67.5 4.04971 1751
1 444411111111111111111111 -72.0 5.46711 1895
2 444411111111111111111111 -68.5 5.93344 2522
1 444411111111111111111111 -71.5 1.02777 2620
1 444411111111111111111111 -63.5 0.55223 2758
1 444411111111111111111111 -59.5 1.19957 2882
1 444411111111111111111111 -60.0 6.26478 2961
1 444411111111111111111111 -60.0 0.13499 3084
1 444411111111111111111111 -66.0 0.02454 3202
1 444411111111111111111111 -63.0 0.23317 3327
1 444411111111111111111111 -60.5 4.05585 3369
1 444411111111111111111111 -62.0 0.06443 3533
1 444411111111111111111111 -61.0 4.53445 3568
2 444411111111111111111111 -67.5 1.55852 3660
1 444411111111111111111111 -59.5 3.84722 3756
1 444411111111111111111111 -60.0 4.53445 3793
2 444411111111111111111111 -72.0 1.35604 3906
2 444411111111111111111111 -69.0 4.25833 3927
1 444411111111111111111111 -60.0 3.94540 3987
1 444411111111111111111111 -59.0 4.95169 4033
2 444411111111111111111111 -63.5 0.49701 4087
2 444411111111111111111111 -64.5 1.29468 4110
1 444411111111111111111111 -59.5 1.49717 4155
1 444411111111111111111111 -60.0 2.17212 4193
2 444411111111111111111111 -65.0 5.80765 4242
2 444411111111111111111111 -63.0 3.47293 4269
1 444411111111111111111111 -62.0 3.89631 4315
1 444411111111111111111111 -58.0 4.33196 4341
1 444411111111111111111111 -65.5 1.69045 4471
1 444411111111111111111111 -61.0 5.87821 4505
2 444411111111111111111111 -65.5 3.92699 4550
2 444411111111111111111111 -64.5 4.62035 4573
1 444411111111111111111111 -54.0 3.87790 4618
1 444411111111111111111111 -55.5 6.16047 4678
2 444411111111111111111111 -70.0 2.49118 4723
2 444411111111111111111111 -70.5 3.81654 4744
1 444411111111111111111111 -59.0 1.14435 4818
1 444411111111111111111111 -54.0 5.70027 4855
2 444411111111111111111111 -53.5 2.39301 4884
2 444411111111111111111111 -53.5 3.09251 4909
1 444411111111111111111111 -56.0 0.74858 4953
1 444411111111111111111111 -57.0 1.70579 5019
2 444411111111111111111111 -53.5 1.47876 5054
2 444411111111111111111111 -55.5 2.08621 5076
1 444411111111111111111111 -58.0 0.58905 5117
1 444411111111111111111111 -63.0 6.01320 5174
2 444411111111111111111111 -71.0 1.60761 5206
2 444411111111111111111111 -70.0 2.12917 5227
1 444411111111111111111111 -67.0 0.05829 5280
2 444411111111111111111111 -60.5 1.84691 5455
2 444411111111111111111111 -58.5 1.25786 5496
2 444411111111111111111111 -60.5 3.03115 5613
2 444411111111111111111111 -66.0 2.80412 5641
2 444411111111111111111111 -66.5 6.04082 5795
2 444411111111111111111111 -64.5 5.35359 6016
2 444411111111111111111111 -64.5 4.90260 6039
